SET_GEM		900000  // 90%
REMOVE_GEM	1000000 // 100%
GENERAL2UNIQUE	20000 //2%
UNIQUE2ULTIMATE 20000 //2%

MAKE_GEM
{
	0	  50000		1		100000		1
	1	 100000		1		200000		1
	2	 150000		1		300000		1
	3	 200000		1		400000		1
	4	 500000		1		1000000		1
	5	1000000		1		1000000		2
	6	1000000		2		1000000		4
	7	1000000		3		1000000		6
	8	1000000		5		1000000		10
	9	1000000		10		1000000		20
	10	1000000		20		1000000		40
}

ULTIMATE_ENCHANT
{
	1	111000 //11%
	2	 90000 //9%
	3	 70000 //7%
	4	 50000 //5%
	5	 30000 //3%
	6	  9000 //0.9%
	7	  7000 //0.7%
	8	  5000 //0.5%
	9	  3000 //0.3%
	10	  1000 //0.1%
}
